structure(c(0.0244, 0.145, 0.6002, 0.0768, 0.1536, 0.2601, 0.3298, 
0.1156, 0.1304, 0.1641, 0.3195, 0.2559, 0.098, 0.1895, 0.1371, 
0.3216, 0.2207, 0.0616, 0.2254, 0.1707, 0.0744, 0.0486, 0.1246, 
0.3779, 0.3745), .Dim = c(5L, 5L), .Dimnames = list(c("Fluoxetine", 
"Paroxetine", "Placebo", "Sertraline", "Venlafaxine"), NULL), class = "smaa.ra", smaa.N = 10000L)
