structure(list(cf = structure(c(0.1183, 0.5217, 0.986, 0.5188, 
0.6458), .Names = c("Fluoxetine", "Paroxetine", "Placebo", "Sertraline", 
"Venlafaxine")), cw = structure(c(0.231973129264732, 0.289205140656105, 
0.0904080179777673, 0.275912539948839, 0.286731092640771, 0.0899003427608835, 
0.171526925552512, 0.172089669030729, 0.0659291398328835, 0.176491143988392, 
0.266023764171828, 0.132393757925463, 0.178677075971912, 0.313595339830573, 
0.0790442697997803, 0.116080013490671, 0.129489321005203, 0.164794226094718, 
0.123308112225321, 0.241934861040656, 0.114233151104907, 0.139517774078235, 
0.197041130699169, 0.0996684536634699, 0.119741760203145, 0.181789599206978, 
0.137867080782482, 0.196989880225705, 0.121586414498913, 0.0960568723272551
), .Dim = 5:6, .Dimnames = list(c("Fluoxetine", "Paroxetine", 
"Placebo", "Sertraline", "Venlafaxine"), c("HAM-D Responders", 
"Diarrhea", "Dizziness", "Headache", "Insomnia", "Nausea")), class = "smaa.cw", smaa.N = 10000L)), .Names = c("cf", 
"cw"), smaa.N = 10000L, class = "smaa.cf")
